1764002272019 0.8904109589041096 0
1764002272019 0.8904109589041096 0
1764002272019 0.8904109589041096 0
1764002272019 0.8904109589041096 0
1764002272019 0.8904109589041096 0
1764002272019 0.8904109589041096 0
1764002272019 0.8904109589041096 0
1764002272019 0.8904109589041096 0
1764002272019 0.8904109589041096 0
1764002272019 0.8904109589041096 0
1764002272019 0.8904109589041096 0
1764002272019 0.8904109589041096 0
1764002272019 0.8904109589041096 0
1764002272019 0.8904109589041096 0
1764002272019 0.8904109589041096 0
1764002272019 0.8904109589041096 0
