1764002271995 0.8996971405541278 0
1764002271995 0.8996971405541278 0
1764002271995 0.8996971405541278 0
1764002271995 0.8996971405541278 0
1764002271995 0.8996971405541278 0
1764002271995 0.8996971405541278 0
1764002271995 0.8996971405541278 0
1764002271995 0.8996971405541278 0
1764002271995 0.8996971405541278 0
1764002271995 0.8996971405541278 0
1764002271995 0.8996971405541278 0
1764002271995 0.8996971405541278 0
1764002271995 0.8996971405541278 0
1764002271995 0.8996971405541278 0
1764002271995 0.8996971405541278 0
1764002271995 0.8996971405541278 0
