1764002272023 0.8918918918918919 0
1764002272023 0.8918918918918919 0
1764002272023 0.8918918918918919 0
1764002272023 0.8918918918918919 0
1764002272023 0.8918918918918919 0
1764002272023 0.8918918918918919 0
1764002272023 0.8918918918918919 0
1764002272023 0.8918918918918919 0
1764002272023 0.8918918918918919 0
1764002272023 0.8918918918918919 0
1764002272023 0.8918918918918919 0
1764002272023 0.8918918918918919 0
1764002272023 0.8918918918918919 0
1764002272023 0.8918918918918919 0
1764002272023 0.8918918918918919 0
1764002272023 0.8918918918918919 0
