1764002272025 0.1095890410958904 0
1764002272025 0.1095890410958904 0
1764002272025 0.1095890410958904 0
1764002272025 0.1095890410958904 0
1764002272025 0.1095890410958904 0
1764002272025 0.1095890410958904 0
1764002272025 0.1095890410958904 0
1764002272025 0.1095890410958904 0
1764002272025 0.1095890410958904 0
1764002272025 0.1095890410958904 0
1764002272025 0.1095890410958904 0
1764002272025 0.1095890410958904 0
1764002272025 0.1095890410958904 0
1764002272025 0.1095890410958904 0
1764002272025 0.1095890410958904 0
1764002272025 0.1095890410958904 0
