1764002272029 0.3310423554409472 0
1764002272029 0.3310423554409472 0
1764002272029 0.3310423554409472 0
1764002272029 0.3310423554409472 0
1764002272029 0.3310423554409472 0
1764002272029 0.3310423554409472 0
1764002272029 0.3310423554409472 0
1764002272029 0.3310423554409472 0
1764002272029 0.3310423554409472 0
1764002272029 0.3310423554409472 0
1764002272029 0.3310423554409472 0
1764002272029 0.3310423554409472 0
1764002272029 0.3310423554409472 0
1764002272029 0.3310423554409472 0
1764002272029 0.3310423554409472 0
1764002272029 0.3310423554409472 0
