1764002272033 0.9727699530516433 0
1764002272033 0.9727699530516433 0
1764002272033 0.9727699530516433 0
1764002272033 0.9727699530516433 0
1764002272033 0.9727699530516433 0
1764002272033 0.9727699530516433 0
1764002272033 0.9727699530516433 0
1764002272033 0.9727699530516433 0
1764002272033 0.9727699530516433 0
1764002272033 0.9727699530516433 0
1764002272033 0.9727699530516433 0
1764002272033 0.9727699530516433 0
1764002272033 0.9727699530516433 0
1764002272033 0.9727699530516433 0
1764002272033 0.9727699530516433 0
1764002272033 0.9727699530516433 0
