1764002126992 0.8904109589041096 0
1764002126992 0.8904109589041096 0
1764002126992 0.8904109589041096 0
1764002126992 0.8904109589041096 0
1764002126992 0.8904109589041096 0
1764002126992 0.8904109589041096 0
1764002126992 0.8904109589041096 0
1764002126992 0.8904109589041096 0
1764002126992 0.8904109589041096 0
1764002126992 0.8904109589041096 0
1764002126992 0.8904109589041096 0
1764002126992 0.8904109589041096 0
1764002126992 0.8904109589041096 0
1764002126992 0.8904109589041096 0
1764002126992 0.8904109589041096 0
1764002126992 0.8904109589041096 0
