1764002126963 0.8996971405541278 0
1764002126963 0.8996971405541278 0
1764002126963 0.8996971405541278 0
1764002126963 0.8996971405541278 0
1764002126963 0.8996971405541278 0
1764002126963 0.8996971405541278 0
1764002126963 0.8996971405541278 0
1764002126963 0.8996971405541278 0
1764002126963 0.8996971405541278 0
1764002126963 0.8996971405541278 0
1764002126963 0.8996971405541278 0
1764002126963 0.8996971405541278 0
1764002126963 0.8996971405541278 0
1764002126963 0.8996971405541278 0
1764002126963 0.8996971405541278 0
1764002126963 0.8996971405541278 0
