1764002126997 0.8918918918918919 0
1764002126997 0.8918918918918919 0
1764002126997 0.8918918918918919 0
1764002126997 0.8918918918918919 0
1764002126997 0.8918918918918919 0
1764002126997 0.8918918918918919 0
1764002126997 0.8918918918918919 0
1764002126997 0.8918918918918919 0
1764002126997 0.8918918918918919 0
1764002126997 0.8918918918918919 0
1764002126997 0.8918918918918919 0
1764002126997 0.8918918918918919 0
1764002126997 0.8918918918918919 0
1764002126997 0.8918918918918919 0
1764002126997 0.8918918918918919 0
1764002126997 0.8918918918918919 0
