1764002127002 0.1095890410958904 0
1764002127002 0.1095890410958904 0
1764002127002 0.1095890410958904 0
1764002127002 0.1095890410958904 0
1764002127002 0.1095890410958904 0
1764002127002 0.1095890410958904 0
1764002127002 0.1095890410958904 0
1764002127002 0.1095890410958904 0
1764002127002 0.1095890410958904 0
1764002127002 0.1095890410958904 0
1764002127002 0.1095890410958904 0
1764002127002 0.1095890410958904 0
1764002127002 0.1095890410958904 0
1764002127002 0.1095890410958904 0
1764002127002 0.1095890410958904 0
1764002127002 0.1095890410958904 0
