1764002127015 0.9727699530516433 0
1764002127015 0.9727699530516433 0
1764002127015 0.9727699530516433 0
1764002127015 0.9727699530516433 0
1764002127015 0.9727699530516433 0
1764002127015 0.9727699530516433 0
1764002127015 0.9727699530516433 0
1764002127015 0.9727699530516433 0
1764002127015 0.9727699530516433 0
1764002127015 0.9727699530516433 0
1764002127015 0.9727699530516433 0
1764002127015 0.9727699530516433 0
1764002127015 0.9727699530516433 0
1764002127015 0.9727699530516433 0
1764002127015 0.9727699530516433 0
1764002127015 0.9727699530516433 0
