1764002127007 0.3310423554409472 0
1764002127007 0.3310423554409472 0
1764002127007 0.3310423554409472 0
1764002127007 0.3310423554409472 0
1764002127007 0.3310423554409472 0
1764002127007 0.3310423554409472 0
1764002127007 0.3310423554409472 0
1764002127007 0.3310423554409472 0
1764002127007 0.3310423554409472 0
1764002127007 0.3310423554409472 0
1764002127007 0.3310423554409472 0
1764002127007 0.3310423554409472 0
1764002127007 0.3310423554409472 0
1764002127007 0.3310423554409472 0
1764002127007 0.3310423554409472 0
1764002127007 0.3310423554409472 0
