1763975719322 0.8904109589041096 0
1763975719322 0.8904109589041096 0
1763975719322 0.8904109589041096 0
1763975719322 0.8904109589041096 0
1763975719322 0.8904109589041096 0
1763975719322 0.8904109589041096 0
1763975719322 0.8904109589041096 0
1763975719322 0.8904109589041096 0
1763975719322 0.8904109589041096 0
1763975719322 0.8904109589041096 0
1763975719322 0.8904109589041096 0
1763975719322 0.8904109589041096 0
1763975719322 0.8904109589041096 0
1763975719322 0.8904109589041096 0
1763975719322 0.8904109589041096 0
1763975719322 0.8904109589041096 0
