1763975719298 0.8996971405541278 0
1763975719298 0.8996971405541278 0
1763975719298 0.8996971405541278 0
1763975719298 0.8996971405541278 0
1763975719298 0.8996971405541278 0
1763975719298 0.8996971405541278 0
1763975719298 0.8996971405541278 0
1763975719298 0.8996971405541278 0
1763975719298 0.8996971405541278 0
1763975719298 0.8996971405541278 0
1763975719298 0.8996971405541278 0
1763975719298 0.8996971405541278 0
1763975719298 0.8996971405541278 0
1763975719298 0.8996971405541278 0
1763975719298 0.8996971405541278 0
1763975719298 0.8996971405541278 0
