1763975719325 0.8918918918918919 0
1763975719325 0.8918918918918919 0
1763975719325 0.8918918918918919 0
1763975719325 0.8918918918918919 0
1763975719325 0.8918918918918919 0
1763975719325 0.8918918918918919 0
1763975719325 0.8918918918918919 0
1763975719325 0.8918918918918919 0
1763975719325 0.8918918918918919 0
1763975719325 0.8918918918918919 0
1763975719325 0.8918918918918919 0
1763975719325 0.8918918918918919 0
1763975719325 0.8918918918918919 0
1763975719325 0.8918918918918919 0
1763975719325 0.8918918918918919 0
1763975719325 0.8918918918918919 0
