1763975719329 0.1095890410958904 0
1763975719329 0.1095890410958904 0
1763975719329 0.1095890410958904 0
1763975719329 0.1095890410958904 0
1763975719329 0.1095890410958904 0
1763975719329 0.1095890410958904 0
1763975719329 0.1095890410958904 0
1763975719329 0.1095890410958904 0
1763975719329 0.1095890410958904 0
1763975719329 0.1095890410958904 0
1763975719329 0.1095890410958904 0
1763975719329 0.1095890410958904 0
1763975719329 0.1095890410958904 0
1763975719329 0.1095890410958904 0
1763975719329 0.1095890410958904 0
1763975719329 0.1095890410958904 0
