1763975719336 0.9727699530516433 0
1763975719336 0.9727699530516433 0
1763975719336 0.9727699530516433 0
1763975719336 0.9727699530516433 0
1763975719336 0.9727699530516433 0
1763975719336 0.9727699530516433 0
1763975719336 0.9727699530516433 0
1763975719336 0.9727699530516433 0
1763975719336 0.9727699530516433 0
1763975719336 0.9727699530516433 0
1763975719336 0.9727699530516433 0
1763975719336 0.9727699530516433 0
1763975719336 0.9727699530516433 0
1763975719336 0.9727699530516433 0
1763975719336 0.9727699530516433 0
1763975719336 0.9727699530516433 0
