1763975719333 0.3310423554409472 0
1763975719333 0.3310423554409472 0
1763975719333 0.3310423554409472 0
1763975719333 0.3310423554409472 0
1763975719333 0.3310423554409472 0
1763975719333 0.3310423554409472 0
1763975719333 0.3310423554409472 0
1763975719333 0.3310423554409472 0
1763975719333 0.3310423554409472 0
1763975719333 0.3310423554409472 0
1763975719333 0.3310423554409472 0
1763975719333 0.3310423554409472 0
1763975719333 0.3310423554409472 0
1763975719333 0.3310423554409472 0
1763975719333 0.3310423554409472 0
1763975719333 0.3310423554409472 0
