1763975611741 0.8904109589041096 0
1763975611741 0.8904109589041096 0
1763975611741 0.8904109589041096 0
1763975611741 0.8904109589041096 0
1763975611741 0.8904109589041096 0
1763975611741 0.8904109589041096 0
1763975611741 0.8904109589041096 0
1763975611741 0.8904109589041096 0
1763975611741 0.8904109589041096 0
1763975611741 0.8904109589041096 0
1763975611741 0.8904109589041096 0
1763975611741 0.8904109589041096 0
1763975611741 0.8904109589041096 0
1763975611741 0.8904109589041096 0
1763975611741 0.8904109589041096 0
1763975611741 0.8904109589041096 0
