1763975611714 0.8996971405541278 0
1763975611714 0.8996971405541278 0
1763975611714 0.8996971405541278 0
1763975611714 0.8996971405541278 0
1763975611714 0.8996971405541278 0
1763975611714 0.8996971405541278 0
1763975611714 0.8996971405541278 0
1763975611714 0.8996971405541278 0
1763975611714 0.8996971405541278 0
1763975611714 0.8996971405541278 0
1763975611714 0.8996971405541278 0
1763975611714 0.8996971405541278 0
1763975611714 0.8996971405541278 0
1763975611714 0.8996971405541278 0
1763975611714 0.8996971405541278 0
1763975611714 0.8996971405541278 0
