1763975611745 0.8918918918918919 0
1763975611745 0.8918918918918919 0
1763975611745 0.8918918918918919 0
1763975611745 0.8918918918918919 0
1763975611745 0.8918918918918919 0
1763975611745 0.8918918918918919 0
1763975611745 0.8918918918918919 0
1763975611745 0.8918918918918919 0
1763975611745 0.8918918918918919 0
1763975611745 0.8918918918918919 0
1763975611745 0.8918918918918919 0
1763975611745 0.8918918918918919 0
1763975611745 0.8918918918918919 0
1763975611745 0.8918918918918919 0
1763975611745 0.8918918918918919 0
1763975611745 0.8918918918918919 0
