1763975611750 0.1095890410958904 0
1763975611750 0.1095890410958904 0
1763975611750 0.1095890410958904 0
1763975611750 0.1095890410958904 0
1763975611750 0.1095890410958904 0
1763975611750 0.1095890410958904 0
1763975611750 0.1095890410958904 0
1763975611750 0.1095890410958904 0
1763975611750 0.1095890410958904 0
1763975611750 0.1095890410958904 0
1763975611750 0.1095890410958904 0
1763975611750 0.1095890410958904 0
1763975611750 0.1095890410958904 0
1763975611750 0.1095890410958904 0
1763975611750 0.1095890410958904 0
1763975611750 0.1095890410958904 0
