1763975611758 0.9727699530516433 0
1763975611758 0.9727699530516433 0
1763975611758 0.9727699530516433 0
1763975611758 0.9727699530516433 0
1763975611758 0.9727699530516433 0
1763975611758 0.9727699530516433 0
1763975611758 0.9727699530516433 0
1763975611758 0.9727699530516433 0
1763975611758 0.9727699530516433 0
1763975611758 0.9727699530516433 0
1763975611758 0.9727699530516433 0
1763975611758 0.9727699530516433 0
1763975611758 0.9727699530516433 0
1763975611758 0.9727699530516433 0
1763975611758 0.9727699530516433 0
1763975611758 0.9727699530516433 0
