1763975611754 0.3310423554409472 0
1763975611754 0.3310423554409472 0
1763975611754 0.3310423554409472 0
1763975611754 0.3310423554409472 0
1763975611754 0.3310423554409472 0
1763975611754 0.3310423554409472 0
1763975611754 0.3310423554409472 0
1763975611754 0.3310423554409472 0
1763975611754 0.3310423554409472 0
1763975611754 0.3310423554409472 0
1763975611754 0.3310423554409472 0
1763975611754 0.3310423554409472 0
1763975611754 0.3310423554409472 0
1763975611754 0.3310423554409472 0
1763975611754 0.3310423554409472 0
1763975611754 0.3310423554409472 0
